Variable containing:
   0.0000
 134.4450
   0.0000
 599.0000
 595.8611
[torch.cuda.FloatTensor of size 5 (GPU 0)]

Variable containing:
-0.1540
 0.0325
 0.0308
 0.3973
[torch.cuda.FloatTensor of size 4 (GPU 0)]

Variable containing:
 5.0625e-19
 9.0232e-06
 1.2267e-07
 4.7028e-09
 9.9979e-01
 2.0134e-04
 1.9824e-14
 5.0236e-08
 8.7784e-17
[torch.cuda.FloatTensor of size 9 (GPU 0)]

Variable containing:
  7.9417
  7.9733
  6.0926
  4.4816
 10.2677
  5.7333
  9.1582
 10.7570
 14.5399




[[ 36.9078      11.400593   352.41168    490.09042   ]
 [ 70.06421      0.89541835 352.41168    499.49503   ]
 [ 24.3094      16.988413   352.41168    499.49503   ]
 ...
 [ 39.57024     69.446236   336.67868    424.2315    ]
 [348.85135     69.21422    350.0054     180.46687   ]
 [341.2378     434.81467    350.36215    499.49503   ]]



[[1.08854165e-02 7.18240400e-09 3.13514761e-08 ... 2.06574782e-06
  1.52283697e-08 1.21981756e-07]
 [6.28141105e-01 7.45256035e-09 3.29402390e-08 ... 1.08265640e-05
  7.56789920e-09 1.28535149e-07]
 [1.65258592e-03 1.44003005e-08 4.14881534e-08 ... 4.50047191e-05
  3.01188372e-08 1.12509220e-07]
 ...
 [9.98756051e-01 6.38793267e-08 1.83104021e-07 ... 8.18479566e-06
  5.28001785e-08 1.08068002e-06]
 [1.00000000e+00 2.63491323e-13 3.88909757e-15 ... 1.68627499e-15
  6.04976410e-13 3.41571064e-12]
 [1.00000000e+00 1.82652049e-12 3.52428969e-13 ... 3.18767338e-13
  1.50233524e-11 1.34159878e-10]]

[array([[9.2256851e+00, 1.9741968e+02, 3.4407150e+02, 4.9949503e+02,
        1.3793917e-05],
       [5.5242916e+01, 2.3624207e+02, 1.8217706e+02, 4.2794980e+02,
        1.5790141e-06]], dtype=float32), array([[3.2860485e+01, 3.2461914e+01, 3.5241168e+02, 4.9949503e+02,
        6.5605185e-05],
       [5.5242916e+01, 2.3624207e+02, 1.8217706e+02, 4.2794980e+02,
        4.3063915e-06],
       [1.6019919e+02, 1.4770000e+01, 3.1812302e+02, 3.0963428e+02,
        3.6308788e-07]], dtype=float32), array([[3.2860485e+01, 3.2461914e+01, 3.5241168e+02, 4.9949503e+02,
        5.0957111e-05],
       [5.7452423e+01, 2.2361343e+02, 1.9588898e+02, 4.3772614e+02,
        1.0092638e-05],
       [1.6019919e+02, 1.4770000e+01, 3.1812302e+02, 3.0963428e+02,
        3.0108838e-06],
       [1.2098059e+02, 1.3727444e+02, 1.7776260e+02, 2.3855188e+02,
        7.1362388e-07]], dtype=float32), array([[3.2860485e+01, 3.2461914e+01, 3.5241168e+02, 4.9949503e+02,
        2.5845882e-05],
       [5.5242916e+01, 2.3624207e+02, 1.8217706e+02, 4.2794980e+02,
        6.8366285e-06],
       [1.4553172e+02, 1.5875487e+01, 2.8762753e+02, 2.7424805e+02,
        8.9343848e-07],
       [1.2098059e+02, 1.3727444e+02, 1.7776260e+02, 2.3855188e+02,
        4.7780082e-07]], dtype=float32), array([[3.2860485e+01, 3.2461914e+01, 3.5241168e+02, 4.9949503e+02,
        1.0993497e-04],
       [5.5242916e+01, 2.3624207e+02, 1.8217706e+02, 4.2794980e+02,
        9.6351896e-06],
       [1.6019919e+02, 1.4770000e+01, 3.1812302e+02, 3.0963428e+02,
        4.3387104e-07],
       [1.2098059e+02, 1.3727444e+02, 1.7776260e+02, 2.3855188e+02,
        3.1461573e-07]], dtype=float32), array([[3.2860485e+01, 3.2461914e+01, 3.5241168e+02, 4.9949503e+02,
        3.3226075e-05],
       [4.6631424e+01, 2.3416420e+02, 1.8566895e+02, 3.8546640e+02,
        3.8395215e-06],
       [1.6019919e+02, 1.4770000e+01, 3.1812302e+02, 3.0963428e+02,
        5.9323332e-07]], dtype=float32), array([[9.2256851e+00, 1.9741968e+02, 3.4407150e+02, 4.9949503e+02,
        1.3195210e-04],
       [5.2847080e+01, 2.4199411e+02, 1.8160181e+02, 4.1020016e+02,
        4.1460706e-05],
       [1.6019919e+02, 1.4770000e+01, 3.1812302e+02, 3.0963428e+02,
        2.0640402e-06]], dtype=float32), array([[2.31101151e+01, 1.96323410e+02, 2.19851501e+02, 4.87697601e+02,
        1.19349505e-04],
       [6.51223373e+01, 7.99007988e+00, 3.52411682e+02, 4.99495026e+02,
        7.38636254e-06]], dtype=float32), array([[1.97146301e+01, 1.70555756e+02, 3.30993958e+02, 4.99495026e+02,
        1.45768421e-02],
       [5.52429161e+01, 2.36242065e+02, 1.82177063e+02, 4.27949799e+02,
        4.08164866e-04],
       [1.20980591e+02, 1.37274445e+02, 1.77762604e+02, 2.38551880e+02,
        1.12183290e-04],
       [1.95178207e+02, 1.44967117e+02, 2.45245209e+02, 2.48673691e+02,
        6.85569175e-05],
       [1.42896484e+02, 1.47190790e+01, 3.19846466e+02, 3.42790955e+02,
        4.27271843e-05],
       [6.31247978e+01, 3.80552307e+02, 2.32191483e+02, 4.99495026e+02,
        2.51884321e-05],
       [1.10699173e+02, 1.47745850e+02, 1.87940933e+02, 3.68616180e+02,
        1.90835581e-05],
       [1.84367645e+02, 3.87554321e+02, 2.49226273e+02, 4.99495026e+02,
        1.65713700e-05],
       [1.50217789e+02, 1.14179955e+02, 1.67273529e+02, 2.80854675e+02,
        1.47877208e-05],
       [2.91553650e+02, 3.84342560e+02, 3.26537323e+02, 4.99495026e+02,
        8.72396777e-06],
       [2.25957047e+02, 1.34040375e+02, 2.40263458e+02, 2.85724548e+02,
        7.25799373e-06],
       [2.28190369e+02, 2.82556763e+02, 2.98711365e+02, 4.99495026e+02,
        4.88994283e-06],
       [3.13739075e+02, 3.26824860e+02, 3.39348755e+02, 4.99495026e+02,
        3.77426682e-06],
       [1.49801437e+02, 1.99953674e+02, 1.90019638e+02, 3.26196014e+02,
        3.31248179e-06],
       [1.80985123e+02, 4.47215767e+01, 2.37365967e+02, 3.38075378e+02,
        2.86868908e-06],
       [2.62760284e+02, 9.36937714e+01, 2.80473816e+02, 2.80828278e+02,
        2.65184326e-06],
       [8.93211174e+00, 2.42790863e+02, 1.06032005e+02, 4.99495026e+02,
        1.93825053e-06],
       [1.06242638e+01, 3.52806396e+02, 4.25573997e+01, 4.99495026e+02,
        1.88915919e-06],
       [2.40597443e+02, 4.30353577e+02, 2.99780060e+02, 4.99495026e+02,
        1.83309101e-06],
       [1.74404678e+02, 2.05081787e+02, 2.13093277e+02, 3.48679901e+02,
        1.44149362e-06],
       [2.73975586e+02, 2.59468292e+02, 3.19556213e+02, 4.99495026e+02,
        1.42029648e-06],
       [5.20915461e+00, 4.34085968e+02, 2.49540577e+01, 4.99495026e+02,
        1.23553787e-06],
       [2.34845791e+01, 4.09151917e+02, 8.82784958e+01, 4.99495026e+02,
        1.16722742e-06],
       [3.35465302e+02, 3.73630035e+02, 3.49352997e+02, 4.99495026e+02,
        1.10792996e-06],
       [3.48503265e+02, 3.97053741e+02, 3.51665070e+02, 4.99495026e+02,
        9.29377109e-07],
       [2.72634369e+02, 1.29440994e+01, 3.23395050e+02, 3.40942993e+02,
        8.73955514e-07],
       [2.97503448e+02, 9.13065567e+01, 3.32605896e+02, 4.99495026e+02,
        5.05951959e-07]], dtype=float32), array([[9.2256851e+00, 1.9741968e+02, 3.4407150e+02, 4.9949503e+02,
        5.0002327e-05],
       [4.6631424e+01, 2.3416420e+02, 1.8566895e+02, 3.8546640e+02,
        5.1833026e-06]], dtype=float32), array([[9.2256851e+00, 1.9741968e+02, 3.4407150e+02, 4.9949503e+02,
        2.9120909e-04],
       [5.2847080e+01, 2.4199411e+02, 1.8160181e+02, 4.1020016e+02,
        1.7809118e-05],
       [1.4289648e+02, 1.4719079e+01, 3.1984647e+02, 3.4279095e+02,
        1.0176440e-05],
       [1.2098059e+02, 1.3727444e+02, 1.7776260e+02, 2.3855188e+02,
        5.8782331e-07]], dtype=float32), array([[4.6631424e+01, 2.3416420e+02, 1.8566895e+02, 3.8546640e+02,
        8.3096105e-01],
       [9.2256851e+00, 1.9741968e+02, 3.4407150e+02, 4.9949503e+02,
        8.6418487e-02],
       [8.8208061e+01, 1.9805832e+01, 1.9085635e+02, 4.5549133e+02,
        8.6817039e-07]], dtype=float32), array([[3.2860485e+01, 3.2461914e+01, 3.5241168e+02, 4.9949503e+02,
        6.7952962e-05],
       [5.2847080e+01, 2.4199411e+02, 1.8160181e+02, 4.1020016e+02,
        4.2825041e-06],
       [1.6019919e+02, 1.4770000e+01, 3.1812302e+02, 3.0963428e+02,
        1.0430949e-06]], dtype=float32), array([[3.2860485e+01, 3.2461914e+01, 3.5241168e+02, 4.9949503e+02,
        5.8673770e-05],
       [5.2847080e+01, 2.4199411e+02, 1.8160181e+02, 4.1020016e+02,
        1.4563907e-05],
       [1.6019919e+02, 1.4770000e+01, 3.1812302e+02, 3.0963428e+02,
        3.7817614e-07]], dtype=float32), array([[3.29195175e+01, 1.39874334e+01, 3.52411682e+02, 4.92752319e+02,
        9.98828351e-01],
       [8.82080612e+01, 1.98058319e+01, 1.90856354e+02, 4.55491333e+02,
        9.70944576e-03],
       [5.62504501e+01, 2.35814835e+02, 1.81142303e+02, 3.92605652e+02,
        6.33585849e-04],
       [1.45531723e+02, 1.58754873e+01, 2.87627533e+02, 2.74248047e+02,
        4.33115172e-04],
       [2.26107895e+02, 1.61066322e+01, 3.16990631e+02, 3.85287292e+02,
        8.43169528e-06],
       [8.85573673e+00, 2.14722610e+02, 1.36701691e+02, 4.99495026e+02,
        5.71599639e-06],
       [3.48503265e+02, 3.97053741e+02, 3.51665070e+02, 4.99495026e+02,
        4.50834204e-06],
       [1.05422554e+02, 2.62341705e+02, 2.94954071e+02, 4.99495026e+02,
        2.15970931e-06],
       [3.22778473e+02, 2.44422104e+02, 3.43972931e+02, 4.99495026e+02,
        2.15917862e-06],
       [3.38502441e+02, 3.00238373e+02, 3.49079437e+02, 4.49795288e+02,
        1.65017275e-06],
       [1.20980591e+02, 1.37274445e+02, 1.77762604e+02, 2.38551880e+02,
        9.90420972e-07],
       [1.46183502e+02, 2.76461430e+01, 1.89852463e+02, 3.28806671e+02,
        7.76585864e-07],
       [3.36313721e+02, 2.04577774e+02, 3.48202423e+02, 3.43066376e+02,
        5.00504029e-07]], dtype=float32), array([[1.6019919e+02, 1.4770000e+01, 3.1812302e+02, 3.0963428e+02,
        9.4733252e-05],
       [3.2860485e+01, 3.2461914e+01, 3.5241168e+02, 4.9949503e+02,
        3.1515225e-05],
       [5.7452423e+01, 2.2361343e+02, 1.9588898e+02, 4.3772614e+02,
        2.8940873e-05],
       [1.2098059e+02, 1.3727444e+02, 1.7776260e+02, 2.3855188e+02,
        6.2971117e-06],




























========================
4.8877625e+01 8.5062027e+00 3.5241168e+02 4.9949503e+02 9.9856502e-01






























========================
4.8877625e+01 8.5062027e+00 3.5241168e+02 4.9949503e+02 9.9856502e-01
































========================
4.8877625e+01 8.5062027e+00 3.5241168e+02 4.9949503e+02 9.9856502e-01
































========================
4.8877625e+01 8.5062027e+00 3.5241168e+02 4.9949503e+02 9.9856502e-01






       [1.4618350e+02, 2.7646143e+01, 1.8985246e+02, 3.2880667e+02,
        2.6637983e-06],
       [2.7263437e+02, 1.2944099e+01, 3.2339505e+02, 3.4094299e+02,
        2.0116270e-06],
       [1.9815044e+02, 1.0918699e+02, 2.6363156e+02, 2.3097995e+02,
        9.5247924e-07],
       [1.4190881e+02, 1.0316774e+02, 1.5921359e+02, 2.8772256e+02,
        4.3625150e-07],
       [9.0150414e+00, 7.8194382e+01, 9.9783638e+01, 4.9949503e+02,
        4.3288210e-07]], dtype=float32), array([[4.6631424e+01, 2.3416420e+02, 1.8566895e+02, 3.8546640e+02,
        1.7888133e-05],
       [9.2256851e+00, 1.9741968e+02, 3.4407150e+02, 4.9949503e+02,
        1.6290869e-05]], dtype=float32), array([[9.2256851e+00, 1.9741968e+02, 3.4407150e+02, 4.9949503e+02,
        4.7720933e-01],
       [4.3758831e+01, 2.3970995e+02, 1.9102489e+02, 4.0409113e+02,
        4.4339494e-04]], dtype=float32), array([[3.28604851e+01, 3.24619141e+01, 3.52411682e+02, 4.99495026e+02,
        1.25273455e-05],
       [4.66314240e+01, 2.34164200e+02, 1.85668945e+02, 3.85466400e+02,
        1.94221730e-06],
       [1.60199188e+02, 1.47700005e+01, 3.18123016e+02, 3.09634277e+02,
        6.94558196e-07]], dtype=float32), array([[9.22568512e+00, 1.97419678e+02, 3.44071503e+02, 4.99495026e+02,
        6.75468982e-05],
       [3.93961716e+01, 2.33694016e+02, 1.90497574e+02, 3.73087433e+02,
        3.42488129e-05],
       [1.42896484e+02, 1.47190790e+01, 3.19846466e+02, 3.42790955e+02,
        1.30513645e-05],
       [1.20980591e+02, 1.37274445e+02, 1.77762604e+02, 2.38551880e+02,
        7.80718096e-07]], dtype=float32)]

======================================================================================
  [[ 36.9078      11.400593   352.41168    490.09042   ]
 [ 70.06421      0.89541835 352.41168    499.49503   ]
 [ 24.3094      16.988413   352.41168    499.49503   ]
 ...
 [ 39.57024     69.446236   336.67868    424.2315    ]
 [348.85135     69.21422    350.0054     180.46687   ]
 [341.2378     434.81467    350.36215    499.49503   ]]

[[1.0885319e-02 7.2738606e-09 3.1528884e-08 ... 2.1231767e-06
  1.5451638e-08 1.2296529e-07]
 [6.2705493e-01 8.5089100e-09 4.0421959e-08 ... 1.0986490e-05
  1.1443438e-08 1.4370463e-07]
 [1.6626432e-03 1.4935214e-08 4.3131305e-08 ... 4.8131289e-05
  3.1299326e-08 1.1661329e-07]
 ...
 [9.9874055e-01 6.3956577e-08 1.8362867e-07 ... 8.1820272e-06
  5.3180752e-08 1.0805093e-06]
 [1.0000000e+00 2.6349132e-13 3.8890976e-15 ... 1.6862750e-15
  6.0497641e-13 3.4157106e-12]
 [1.0000000e+00 1.8265205e-12 3.5242897e-13 ... 3.1876734e-13
  1.5023352e-11 1.3415988e-10]]




[array([[9.2256851e+00, 1.9741968e+02, 3.4407150e+02, 4.9949503e+02,
        1.3792810e-05],
       [5.5242916e+01, 2.3624207e+02, 1.8217706e+02, 4.2794980e+02,
        1.5790421e-06]], dtype=float32), array([[3.2860485e+01, 3.2461914e+01, 3.5241168e+02, 4.9949503e+02,
        4.4975644e-05],
       [5.5242916e+01, 2.3624207e+02, 1.8217706e+02, 4.2794980e+02,
        4.3063960e-06],
       [1.6019919e+02, 1.4770000e+01, 3.1812302e+02, 3.0963428e+02,
        3.6308788e-07]], dtype=float32), array([[9.2256851e+00, 1.9741968e+02, 3.4407150e+02, 4.9949503e+02,
        3.6629081e-05],
       [5.7452423e+01, 2.2361343e+02, 1.9588898e+02, 4.3772614e+02,
        1.0095850e-05],
       [1.4289648e+02, 1.4719079e+01, 3.1984647e+02, 3.4279095e+02,
        3.9139977e-06],
       [1.2098059e+02, 1.3727444e+02, 1.7776260e+02, 2.3855188e+02,
        7.1362388e-07]], dtype=float32), array([[3.2860485e+01, 3.2461914e+01, 3.5241168e+02, 4.9949503e+02,
        1.7760034e-05],
       [5.5242916e+01, 2.3624207e+02, 1.8217706e+02, 4.2794980e+02,
        6.8366367e-06],
       [1.4553172e+02, 1.5875487e+01, 2.8762753e+02, 2.7424805e+02,
        8.9343848e-07],
       [1.2098059e+02, 1.3727444e+02, 1.7776260e+02, 2.3855188e+02,
        4.7780082e-07]], dtype=float32), array([[3.2860485e+01, 3.2461914e+01, 3.5241168e+02, 4.9949503e+02,
        7.6233329e-05],
       [5.5242916e+01, 2.3624207e+02, 1.8217706e+02, 4.2794980e+02,
        9.6352642e-06],
       [1.6019919e+02, 1.4770000e+01, 3.1812302e+02, 3.0963428e+02,
        4.3387104e-07],
       [1.2098059e+02, 1.3727444e+02, 1.7776260e+02, 2.3855188e+02,
        3.1461573e-07]], dtype=float32), array([[3.2860485e+01, 3.2461914e+01, 3.5241168e+02, 4.9949503e+02,
        2.2614855e-05],
       [4.6631424e+01, 2.3416420e+02, 1.8566895e+02, 3.8546640e+02,
        3.8395401e-06],
       [1.6019919e+02, 1.4770000e+01, 3.1812302e+02, 3.0963428e+02,
        5.9323332e-07]], dtype=float32), array([[9.2256851e+00, 1.9741968e+02, 3.4407150e+02, 4.9949503e+02,
        1.3195441e-04],
       [5.2847080e+01, 2.4199411e+02, 1.8160181e+02, 4.1020016e+02,
        4.1472082e-05],
       [5.6911594e+01, 1.7698591e+01, 3.5197351e+02, 2.6013879e+02,
        6.8498139e-06]], dtype=float32), array([[2.1118633e+01, 1.3271196e+02, 3.3542477e+02, 4.8571506e+02,
        1.8002946e-04],
       [5.6499565e+01, 2.3121199e+02, 1.8420953e+02, 3.7015900e+02,
        2.0869815e-05],
       [1.4289648e+02, 1.4719079e+01, 3.1984647e+02, 3.4279095e+02,
        1.6636284e-06]], dtype=float32), array([[1.97146301e+01, 1.70555756e+02, 3.30993958e+02, 4.99495026e+02,
        1.45680467e-02],
       [5.52429161e+01, 2.36242065e+02, 1.82177063e+02, 4.27949799e+02,
        4.08166437e-04],
       [1.20980591e+02, 1.37274445e+02, 1.77762604e+02, 2.38551880e+02,
        1.12183290e-04],
       [1.95178207e+02, 1.44967117e+02, 2.45245209e+02, 2.48673691e+02,
        6.85569175e-05],
       [1.42896484e+02, 1.47190790e+01, 3.19846466e+02, 3.42790955e+02,
        4.27271843e-05],
       [6.31247978e+01, 3.80552307e+02, 2.32191483e+02, 4.99495026e+02,
        2.51884321e-05],
       [1.10699173e+02, 1.47745850e+02, 1.87940933e+02, 3.68616180e+02,
        1.90835563e-05],
       [1.84367645e+02, 3.87554321e+02, 2.49226273e+02, 4.99495026e+02,
        1.65713700e-05],
       [1.50217789e+02, 1.14179955e+02, 1.67273529e+02, 2.80854675e+02,
        1.47877208e-05],
       [2.91553650e+02, 3.84342560e+02, 3.26537323e+02, 4.99495026e+02,
        8.72396777e-06],
       [2.25957047e+02, 1.34040375e+02, 2.40263458e+02, 2.85724548e+02,
        7.25799373e-06],
       [2.28190369e+02, 2.82556763e+02, 2.98711365e+02, 4.99495026e+02,
        4.88994283e-06],
       [3.13739075e+02, 3.26824860e+02, 3.39348755e+02, 4.99495026e+02,
        3.77426682e-06],
       [1.49801437e+02, 1.99953674e+02, 1.90019638e+02, 3.26196014e+02,
        3.31248179e-06],
       [1.80985123e+02, 4.47215767e+01, 2.37365967e+02, 3.38075378e+02,
        2.86868908e-06],
       [2.62760284e+02, 9.36937714e+01, 2.80473816e+02, 2.80828278e+02,
        2.65184326e-06],
       [8.93211174e+00, 2.42790863e+02, 1.06032005e+02, 4.99495026e+02,
        1.93825076e-06],
       [1.06242638e+01, 3.52806396e+02, 4.25573997e+01, 4.99495026e+02,
        1.88915919e-06],
       [2.40597443e+02, 4.30353577e+02, 2.99780060e+02, 4.99495026e+02,
        1.83309101e-06],
       [1.74404678e+02, 2.05081787e+02, 2.13093277e+02, 3.48679901e+02,
        1.44149362e-06],
       [2.73975586e+02, 2.59468292e+02, 3.19556213e+02, 4.99495026e+02,
        1.42029648e-06],
       [5.20915461e+00, 4.34085968e+02, 2.49540577e+01, 4.99495026e+02,
        1.23553787e-06],
       [2.34845791e+01, 4.09151917e+02, 8.82784958e+01, 4.99495026e+02,
        1.16722742e-06],
       [3.35465302e+02, 3.73630035e+02, 3.49352997e+02, 4.99495026e+02,
        1.10792996e-06],
       [3.48503265e+02, 3.97053741e+02, 3.51665070e+02, 4.99495026e+02,
        9.29377109e-07],
       [2.72634369e+02, 1.29440994e+01, 3.23395050e+02, 3.40942993e+02,
        8.73955514e-07],
       [2.97503448e+02, 9.13065567e+01, 3.32605896e+02, 4.99495026e+02,
        5.05951959e-07]], dtype=float32), array([[9.2256851e+00, 1.9741968e+02, 3.4407150e+02, 4.9949503e+02,
        4.9998220e-05],
       [5.6499565e+01, 2.3121199e+02, 1.8420953e+02, 3.7015900e+02,
        6.6337138e-06]], dtype=float32), array([[9.2256851e+00, 1.9741968e+02, 3.4407150e+02, 4.9949503e+02,
        2.9121005e-04],
       [5.2847080e+01, 2.4199411e+02, 1.8160181e+02, 4.1020016e+02,
        1.7814264e-05],
       [1.4289648e+02, 1.4719079e+01, 3.1984647e+02, 3.4279095e+02,
        1.0176440e-05],
       [1.2098059e+02, 1.3727444e+02, 1.7776260e+02, 2.3855188e+02,
        5.8782331e-07]], dtype=float32), array([[4.6631424e+01, 2.3416420e+02, 1.8566895e+02, 3.8546640e+02,
        8.3096075e-01],
       [9.2256851e+00, 1.9741968e+02, 3.4407150e+02, 4.9949503e+02,
        8.6411037e-02],
       [8.8208061e+01, 1.9805832e+01, 1.9085635e+02, 4.5549133e+02,
        8.7751971e-07]], dtype=float32), array([[3.2860485e+01, 3.2461914e+01, 3.5241168e+02, 4.9949503e+02,
        4.7243910e-05],
       [5.2847080e+01, 2.4199411e+02, 1.8160181e+02, 4.1020016e+02,
        4.2857037e-06],
       [1.6019919e+02, 1.4770000e+01, 3.1812302e+02, 3.0963428e+02,
        1.0430949e-06]], dtype=float32), array([[3.28604851e+01, 3.24619141e+01, 3.52411682e+02, 4.99495026e+02,
        4.49453401e-05],
       [5.28470802e+01, 2.41994110e+02, 1.81601807e+02, 4.10200165e+02,
        1.45679805e-05],
       [1.60199188e+02, 1.47700005e+01, 3.18123016e+02, 3.09634277e+02,
        3.78176139e-07]], dtype=float32), array([[4.8877625e+01, 8.5062027e+00, 3.5241168e+02, 4.9949503e+02,
        9.9856502e-01],
       [5.5401978e+00, 2.3058173e+02, 2.0248961e+02, 4.9949503e+02,
        8.9424970e-03],
       [1.4553172e+02, 1.5875487e+01, 2.8762753e+02, 2.7424805e+02,
        4.3311517e-04],
       [2.2610789e+02, 1.6106632e+01, 3.1699063e+02, 3.8528729e+02,
        8.4316953e-06],
       [3.4850327e+02, 3.9705374e+02, 3.5166507e+02, 4.9949503e+02,
        4.5083420e-06],
       [3.2277847e+02, 2.4442210e+02, 3.4397293e+02, 4.9949503e+02,
        2.1591786e-06],
       [3.3850244e+02, 3.0023837e+02, 3.4907944e+02, 4.4979529e+02,
        1.6501727e-06],
       [1.2098059e+02, 1.3727444e+02, 1.7776260e+02, 2.3855188e+02,
        9.9042097e-07],
       [1.4618350e+02, 2.7646143e+01, 1.8985246e+02, 3.2880667e+02,
        7.7658586e-07],
       [3.3631372e+02, 2.0457777e+02, 3.4820242e+02, 3.4306638e+02,
        5.0050403e-07],
       [1.7565422e+01, 2.1606407e+02, 6.7029343e+01, 4.9949503e+02,
        4.7765980e-07]], dtype=float32), array([[1.6019919e+02, 1.4770000e+01, 3.1812302e+02, 3.0963428e+02,
        9.4733252e-05],
       [5.7452423e+01, 2.2361343e+02, 1.9588898e+02, 4.3772614e+02,
        2.8944181e-05],
       [3.2860485e+01, 3.2461914e+01, 3.5241168e+02, 4.9949503e+02,
        2.5519919e-05],
       [1.2098059e+02, 1.3727444e+02, 1.7776260e+02, 2.3855188e+02,
        6.2971117e-06],
       [1.4618350e+02, 2.7646143e+01, 1.8985246e+02, 3.2880667e+02,
        2.6637983e-06],
       [2.7263437e+02, 1.2944099e+01, 3.2339505e+02, 3.4094299e+02,
        2.0116270e-06],
       [1.9815044e+02, 1.0918699e+02, 2.6363156e+02, 2.3097995e+02,
        9.5247924e-07],
       [1.4190881e+02, 1.0316774e+02, 1.5921359e+02, 2.8772256e+02,
        4.3625150e-07],
       [9.0150414e+00, 7.8194382e+01, 9.9783638e+01, 4.9949503e+02,
        4.3288210e-07]], dtype=float32), array([[4.6631424e+01, 2.3416420e+02, 1.8566895e+02, 3.8546640e+02,
        1.7888171e-05],
       [9.2256851e+00, 1.9741968e+02, 3.4407150e+02, 4.9949503e+02,
        1.6289639e-05]], dtype=float32), array([[9.2256851e+00, 1.9741968e+02, 3.4407150e+02, 4.9949503e+02,
        4.7716841e-01],
       [4.3758831e+01, 2.3970995e+02, 1.9102489e+02, 4.0409113e+02,
        4.4597057e-04],
       [5.6911594e+01, 1.7698591e+01, 3.5197351e+02, 2.6013879e+02,
        6.1545887e-07]], dtype=float32), array([[3.2860485e+01, 3.2461914e+01, 3.5241168e+02, 4.9949503e+02,
        8.4997209e-06],
       [4.6631424e+01, 2.3416420e+02, 1.8566895e+02, 3.8546640e+02,
        1.9422514e-06],
       [1.6019919e+02, 1.4770000e+01, 3.1812302e+02, 3.0963428e+02,
        6.9455820e-07]], dtype=float32), array([[9.22568512e+00, 1.97419678e+02, 3.44071503e+02, 4.99495026e+02,
        6.75445408e-05],
       [3.93961716e+01, 2.33694016e+02, 1.90497574e+02, 3.73087433e+02,
        3.42492858e-05],
       [1.42896484e+02, 1.47190790e+01, 3.19846466e+02, 3.42790955e+02,
        1.30513645e-05],
       [1.20980591e+02, 1.37274445e+02, 1.77762604e+02, 2.38551880e+02,
        7.80718096e-07]], dtype=float32)]




























========================
4.8877625e+01 8.5062027e+00 3.5241168e+02 4.9949503e+02 9.9856502e-01

[[1.08854165e-02 7.18240400e-09 3.13514761e-08 ... 2.06574782e-06
  1.52283697e-08 1.21981756e-07]

[[4.8877625e+01 8.5062027e+00 3.5241168e+02 4.9949503e+02 9.9873143e-01]
 [5.5401978e+00 2.3058173e+02 2.0248961e+02 4.9949503e+02 8.9449286e-03]
 [1.4553172e+02 1.5875487e+01 2.8762753e+02 2.7424805e+02 4.3311517e-04]
 [2.2610789e+02 1.6106632e+01 3.1699063e+02 3.8528729e+02 8.4316953e-06]
 [3.4850327e+02 3.9705374e+02 3.5166507e+02 4.9949503e+02 4.5083420e-06]
 [3.2277847e+02 2.4442210e+02 3.4397293e+02 4.9949503e+02 2.1591786e-06]
 [3.3850244e+02 3.0023837e+02 3.4907944e+02 4.4979529e+02 1.6501727e-06]
 [1.2098059e+02 1.3727444e+02 1.7776260e+02 2.3855188e+02 9.9042097e-07]
 [1.4618350e+02 2.7646143e+01 1.8985246e+02 3.2880667e+02 7.7658586e-07]
 [3.3631372e+02 2.0457777e+02 3.4820242e+02 3.4306638e+02 5.0050403e-07]
 [1.7565422e+01 2.1606407e+02 6.7029343e+01 4.9949503e+02 4.7765980e-07]
 [3.3912830e+02 3.9170343e+02 3.5130569e+02 4.9949503e+02 2.8938160e-07]]


[[4.8877625e+01 8.5062027e+00 3.5241168e+02 4.9949503e+02 9.9856502e-01]
 [5.5401978e+00 2.3058173e+02 2.0248961e+02 4.9949503e+02 8.9424970e-03]
 [1.4553172e+02 1.5875487e+01 2.8762753e+02 2.7424805e+02 4.3311517e-04]
 [2.2610789e+02 1.6106632e+01 3.1699063e+02 3.8528729e+02 8.4316953e-06]
 [3.4850327e+02 3.9705374e+02 3.5166507e+02 4.9949503e+02 4.5083420e-06]
 [3.2277847e+02 2.4442210e+02 3.4397293e+02 4.9949503e+02 2.1591786e-06]
 [3.3850244e+02 3.0023837e+02 3.4907944e+02 4.4979529e+02 1.6501727e-06]
 [1.2098059e+02 1.3727444e+02 1.7776260e+02 2.3855188e+02 9.9042097e-07]
 [1.4618350e+02 2.7646143e+01 1.8985246e+02 3.2880667e+02 7.7658586e-07]
 [3.3631372e+02 2.0457777e+02 3.4820242e+02 3.4306638e+02 5.0050403e-07]
 [1.7565422e+01 2.1606407e+02 6.7029343e+01 4.9949503e+02 4.7765980e-07]]

========================
3.29195175e+01 1.39874334e+01 3.52411682e+02 4.92752319e+02  9.98828351e-01

[[4.8877625e+01 8.5062027e+00 3.5241168e+02 4.9949503e+02 9.9873143e-01]
 [5.5401978e+00 2.3058173e+02 2.0248961e+02 4.9949503e+02 8.9449286e-03]
 [1.4553172e+02 1.5875487e+01 2.8762753e+02 2.7424805e+02 4.3311517e-04]
 [2.2610789e+02 1.6106632e+01 3.1699063e+02 3.8528729e+02 8.4316953e-06]
 [3.4850327e+02 3.9705374e+02 3.5166507e+02 4.9949503e+02 4.5083420e-06]
 [3.2277847e+02 2.4442210e+02 3.4397293e+02 4.9949503e+02 2.1591786e-06]
 [3.3850244e+02 3.0023837e+02 3.4907944e+02 4.4979529e+02 1.6501727e-06]
 [1.2098059e+02 1.3727444e+02 1.7776260e+02 2.3855188e+02 9.9042097e-07]
 [1.4618350e+02 2.7646143e+01 1.8985246e+02 3.2880667e+02 7.7658586e-07]
 [3.3631372e+02 2.0457777e+02 3.4820242e+02 3.4306638e+02 5.0050403e-07]
 [1.7565422e+01 2.1606407e+02 6.7029343e+01 4.9949503e+02 4.7765980e-07]
 [3.3912830e+02 3.9170343e+02 3.5130569e+02 4.9949503e+02 2.8938160e-07]]



[[3.29195175e+01 1.39874334e+01 3.52411682e+02 4.92752319e+02
  9.98828351e-01]
 [8.82080612e+01 1.98058319e+01 1.90856354e+02 4.55491333e+02
  9.70944576e-03]
 [5.62504501e+01 2.35814835e+02 1.81142303e+02 3.92605652e+02
  6.33585849e-04]
 [1.45531723e+02 1.58754873e+01 2.87627533e+02 2.74248047e+02
  4.33115172e-04]
 [2.26107895e+02 1.61066322e+01 3.16990631e+02 3.85287292e+02
  8.43169528e-06]
 [8.85573673e+00 2.14722610e+02 1.36701691e+02 4.99495026e+02
  5.71599639e-06]
 [3.48503265e+02 3.97053741e+02 3.51665070e+02 4.99495026e+02
  4.50834204e-06]
 [1.05422554e+02 2.62341705e+02 2.94954071e+02 4.99495026e+02
  2.15970931e-06]
 [3.22778473e+02 2.44422104e+02 3.43972931e+02 4.99495026e+02
  2.15917862e-06]
 [3.38502441e+02 3.00238373e+02 3.49079437e+02 4.49795288e+02
  1.65017275e-06]
 [1.20980591e+02 1.37274445e+02 1.77762604e+02 2.38551880e+02
  9.90420972e-07]
 [1.46183502e+02 2.76461430e+01 1.89852463e+02 3.28806671e+02
  7.76585864e-07]
 [3.36313721e+02 2.04577774e+02 3.48202423e+02 3.43066376e+02
  5.00504029e-07]]




============
 1.0885e-02
 7.1824e-09
 3.1351e-08
 1.4279e-07
 2.3372e-08
 1.5280e-07
 2.6338e-07
 7.0594e-07
 1.6560e-07
 7.9384e-07
 1.9831e-08
 2.0453e-07
 7.8156e-07
 9.3443e-08
 6.5793e-08
 9.8911e-01
 1.1567e-07
 1.6771e-08
 2.0657e-06
 1.5228e-08
 1.2198e-07



 1.0885e-02
 7.1824e-09
 3.1351e-08
 1.4279e-07
 2.3372e-08
 1.5280e-07
 2.6338e-07
 7.0594e-07
 1.6560e-07
 7.9384e-07
 1.9831e-08
 2.0453e-07
 7.8156e-07
 9.3443e-08
 6.5793e-08
 9.8911e-01
 1.1567e-07
 1.6771e-08
 2.0657e-06
 1.5228e-08
 1.2198e-07

